0
0
0
0
0
0
0
0
0
0
0
0
0
0
0
0
0
0
0
0
0
0
0
0
0
0
0
0
0
15
261
311
292
308
289
287
297
231
206
206
223
196
167
164
156
131
134
113
131
86
122
94
94
75
81
70
72
76
51
43
41
36
47
34
31
34
31
30
25
18
28
19
34
14
12
17
16
20
14
7
5
14
11
5
7
4
10
10
11
3
8
6
4
2
6
6
2
3
4
4
7
2
3
1
4
3
2
5
1
0
2
0
2
1
1
1
0
2
1
0
2
2
2
0
1
1
1
3
2
0
2
1
2
0
2
0
1
2
0
0
1
1
1
1
0
1
1
0
1
2
0
2
0
2
0
1
0
0
0
2
1
1
2
0
0
0
0
1
0
0
1
0
0
1
1
0
0
0
0
0
0
1
0
2
0
0
0
1
0
0
2
0
0
2
1
0
1
1
0
1
1
1
1
0
0
0
0
0
0
1
0
0
0
1
1
1
0
1
0
1
1
2
1
0
0
0
0
0
0
1
2
0
1
2
0
0
1
0
2
0
1
1
1
0
1
0
1
0
0
0
1
0
0
1
1
0
1
1
0
1
0
0
0
1
0
0
0
0
1
2
1
0
0
0
1
0
0
1
0
0
0
0
0
0
1
1
0
0
1
0
0
0
0
0
1
0
0
0
0
0
0
2
0
0
1
2
1
0
2
1
1
1
1
1
0
1
0
0
0
0
1
0
3
2
2
0
1
1
2
2
2
1
1
1
0
1
0
1
0
0
0
1
2
1
0
1
0
0
2
0
0
1
2
0
0
0
1
2
1
1
0
0
0
1
4
0
0
2
0
2
2
1
0
1
0
0
0
0
0
2
2
0
2
2
0
0
1
1
1
0
1
1
1
1
1
2
1
2
2
0
1
1
1
0
3
0
0
1
0
2
1
0
0
0
0
0
1
0
0
0
2
0
3
1
0
0
1
0
3
2
1
2
0
0
0
0
0
0
3
0
2
0
1
0
2
1
0
1
1
1
1
0
0
0
0
2
0
2
0
1
1
1
1
1
1
1
0
0
2
1
0
1
1
3
2
0
1
1
0
1
1
0
3
2
3
1
0
1
0
2
1
2
0
0
0
2
1
1
1
0
0
1
1
3
3
0
0
1
2
0
0
0
1
0
1
1
1
1
0
1
2
0
0
0
0
2
1
2
1
1
0
2
0
1
1
3
1
0
0
1
1
2
0
1
3
0
1
2
2
0
2
0
2
1
2
3
1
0
2
2
1
0
1
1
0
0
2
1
1
0
1
0
1
0
2
1
1
1
2
3
0
0
2
2
1
0
2
3
0
0
0
0
3
1
1
0
1
0
1
3
1
1
0
3
1
2
0
2
0
0
1
1
2
3
0
2
0
3
0
1
1
1
1
2
0
0
1
1
2
0
1
2
1
0
0
1
3
0
1
0
1
0
2
1
3
3
1
0
3
1
3
1
3
4
2
0
1
0
2
3
1
0
0
2
1
2
1
0
1
2
2
1
0
0
3
1
1
0
3
3
1
2
1
3
1
2
2
0
2
3
2
0
3
2
1
0
0
1
2
3
2
1
3
5
2
0
0
0
1
2
0
1
2
2
0
2
0
1
1
1
3
3
1
4
0
2
2
1
2
3
1
0
1
0
1
1
2
1
2
2
1
1
2
1
0
0
2
2
1
2
1
2
3
1
0
2
0
4
1
0
3
1
3
1
2
0
1
2
4
1
4
2
0
1
2
1
1
3
3
2
0
2
0
3
3
1
2
1
2
1
3
1
1
2
4
3
3
1
0
0
0
1
3
2
1
1
1
3
3
3
2
1
3
2
3
0
3
0
3
0
2
2
1
0
3
3
1
1
2
1
0
2
2
2
0
3
0
0
3
1
1
2
0
2
3
2
2
0
0
1
1
1
1
0
2
1
2
4
1
2
4
0
1
2
2
0
1
3
1
2
1
1
1
0
1
1
1
2
2
0
1
2
1
1
2
2
1
1
5
3
2
2
2
1
4
1
1
1
0
6
3
1
2
2
5
0
3
1
2
1
4
0
2
4
3
3
0
2
3
0
2
3
4
5
2
2
2
4
0
1
4
1
3
1
0
1
1
3
5
2
6
5
4
3
5
3
6
2
3
4
6
8
3
5
4
5
3
7
7
6
2
9
6
11
5
12
13
13
16
17
12
19
16
18
27
17
28
30
25
20
22
24
20
16
21
19
21
21
11
17
10
10
12
12
9
8
13
15
20
27
20
31
28
40
57
62
91
95
137
163
175
181
242
284
305
316
367
385
370
382
380
401
349
349
344
262
245
239
209
187
155
116
121
71
75
49
37
36
28
16
18
12
9
8
6
5
6
4
7
2
3
0
1
2
5
0
1
3
2
2
0
2
0
4
1
5
7
3
2
6
2
2
2
2
2
1
2
2
1
1
2
1
4
4
2
3
2
3
3
1
0
2
4
5
2
8
3
4
3
1
0
5
5
2
5
2
5
3
6
5
8
4
6
13
9
7
8
12
17
22
19
19
32
33
28
26
46
67
73
74
67
99
79
89
117
107
114
122
116
115
102
102
111
103
83
67
67
55
44
41
23
23
16
18
15
14
13
8
11
11
16
8
16
16
24
22
30
41
56
52
64
84
99
98
140
138
166
157
198
170
173
173
184
163
138
137
140
112
98
71
73
49
37
41
33
23
11
8
18
8
4
3
1
2
1
4
3
0
2
2
3
4
1
5
1
2
1
7
1
6
13
8
11
6
9
16
17
8
2
3
4
1
0
0
4
2
1
2
1
1
0
0
1
0
3
1
4
0
0
1
0
1
4
2
0
1
0
2
2
2
0
1
2
2
2
1
2
5
4
1
3
3
5
5
2
11
3
9
11
10
9
31
18
26
36
37
51
82
93
103
101
118
151
150
159
163
161
170
152
165
139
144
124
140
94
76
62
55
38
28
29
21
17
13
14
7
4
7
9
1
4
1
5
1
3
2
0
2
0
2
4
4
3
6
1
5
9
10
8
14
18
6
6
4
2
3
2
3
1
1
1
0
0
0
0
1
1
1
1
0
0
0
0
0
0
0
0
0
2
0
0
0
0
0
0
0
0
2
0
1
0
0
0
0
0
0
0
0
0
1
0
0
0
1
0
1
0
1
0
1
0
0
1
1
0
0
0
0
1
0
0
0
0
1
0
0
0
1
0
0
0
0
0
1
0
1
0
0
0
0
0
0
0
0
1
0
1
2
0
1
0
0
0
1
0
0
0
1
0
0
1
1
0
1
0
0
0
0
0
1
3
1
0
1
1
0
0
0
0
1
2
0
0
0
0
1
0
1
0
1
0
0
1
1
1
0
1
0
0
2
0
0
0
0
0
0
0
1
0
1
0
0
1
1
0
1
0
1
1
1
0
0
0
0
0
0
1
1
1
0
0
1
2
1
0
0
1
0
1
0
0
0
0
0
2
0
1
0
1
2
2
1
1
1
0
0
0
0
0
1
0
0
1
0
1
2
2
0
0
0
0
0
3
1
1
1
1
1
1
0
0
0
2
0
1
0
0
0
0
0
1
1
0
0
0
1
0
1
1
0
0
0
1
0
2
1
0
1
1
1
1
0
0
0
3
2
1
0
0
1
1
2
0
0
2
2
0
2
0
0
2
1
1
1
0
0
4
1
1
2
2
2
1
1
0
1
0
1
2
0
5
0
1
3
0
3
1
3
1
5
2
1
4
2
3
4
5
3
9
9
9
12
12
20
19
29
34
46
49
73
67
96
109
115
131
142
134
165
169
175
127
118
126
115
97
78
76
62
55
37
26
21
16
11
9
7
2
10
4
9
9
9
11
10
15
11
17
30
37
36
35
52
50
51
75
70
69
51
30
11
11
7
5
7
9
4
6
4
3
0
1
0
0
0
0
0
0
0
0
0
0
0
0
0
0
0
0
0
0
0
0
0
0
0
0
0
0
0
0
0
0
0
0
0
0
0
0
0
0
0
0
0
0
0
0
0
0
0
0
0
0
0
0
0
0
0
0
0
0
0
0
0
0
0
0
0
0
0
0
0
0
0
0
0
0
0
0
0
0
0
0
0
0
0
0
0
0
0
0
0
0
0
0
0
0
0
0
0
0
0
0
0
0
0
0
0
0
0
0
0
0
0
0
0
0
0
0
0
0
0
0
0
0
0
0
0
0
0
0
0
0
0
0
0
0
0
0
0
0
0
0
0
0
0
0
0
0
0
0
0
0
0
0
0
0
0
0
0
0
0
0
0
0
0
0
0
0
0
0
0
0
0
0
0
0
0
0
0
0
0
0
0
0
0
0
0
0
0
0
0
0
0
0
0
0
0
0
0
0
0
0
0
0
0
0
0
0
0
0
0
0
0
0
0
0
0
0
0
0
0
0
0
0
0
0
0
0
0
0
0
0
0
0
0
0
0
0
0
0
0
0
0
0
0
0
0
0
0
0
0
0
0
0
0
0
0
0
0
0
0
0
0
0
0
0
0
0
0
0
0
0
0
0
0
0
0
0
0
0
0
0
0
0
0
0
0
0
0
0
0
0
0
0
0
0
0
0
0
0
0
0
0
0
0
0
0
0
0
0
0
0
0
0
0
0
0
0
0
