0
0
0
0
0
0
0
0
0
0
0
0
0
0
0
0
0
0
0
0
0
0
0
0
0
0
0
0
0
22
109
173
162
165
151
153
151
107
114
98
108
119
101
111
100
120
64
74
83
71
60
66
65
40
53
40
57
34
47
31
35
25
23
20
21
16
19
11
21
17
17
18
21
11
22
11
9
9
12
10
11
6
5
10
6
7
4
4
2
4
4
5
4
3
2
2
2
5
3
2
2
3
4
4
2
3
4
0
2
1
0
2
3
4
1
0
1
1
0
0
0
0
0
2
0
1
0
0
0
0
1
2
0
2
0
0
1
0
0
0
0
0
1
0
1
0
1
0
0
0
0
1
1
0
0
0
1
1
0
0
0
0
0
0
2
1
0
0
1
0
1
0
1
0
0
1
0
2
0
1
0
0
0
0
0
0
2
1
0
0
0
0
1
0
0
0
0
0
0
0
0
0
0
1
0
2
0
0
1
0
0
0
1
1
0
1
0
0
0
0
0
0
0
0
1
0
1
0
0
0
0
0
0
0
0
0
0
0
0
0
0
1
1
0
0
0
1
0
0
0
0
0
0
0
1
1
0
1
0
0
0
0
0
0
0
1
0
0
0
0
0
0
0
0
1
0
0
1
0
0
2
1
0
0
1
0
1
2
0
0
1
1
0
0
0
0
0
1
0
0
0
0
0
0
1
0
0
0
0
0
1
1
0
0
0
0
0
0
0
0
1
1
0
0
0
1
0
0
0
0
0
0
0
0
0
0
0
0
1
0
1
0
0
0
0
0
1
1
1
1
0
0
0
0
1
1
1
0
0
1
0
0
1
0
0
0
0
0
0
0
1
1
0
0
2
1
0
0
0
1
0
1
0
0
0
0
0
0
0
0
0
0
1
0
0
1
0
0
0
1
0
1
0
1
0
1
0
0
0
2
1
0
0
0
2
1
0
1
0
1
0
1
0
1
1
0
0
1
0
0
0
0
0
0
0
0
0
0
1
0
0
2
1
1
0
2
0
0
3
0
0
0
0
0
0
1
0
0
0
0
0
1
1
0
0
0
1
0
0
0
0
0
0
0
2
1
1
1
1
1
1
3
1
0
1
1
0
1
0
1
1
0
0
0
1
0
0
2
0
0
0
1
0
1
0
1
0
1
0
0
0
1
1
1
0
0
1
0
1
1
1
0
0
1
0
0
0
1
1
0
2
0
0
1
2
0
1
0
0
1
2
0
1
0
1
1
0
3
0
1
0
1
1
1
2
4
1
0
0
1
1
0
1
0
2
0
1
0
1
0
0
1
1
0
0
0
1
1
1
2
2
0
1
0
0
1
0
1
0
0
0
2
0
1
1
0
2
0
0
3
2
0
0
1
1
1
0
0
1
0
0
1
1
0
1
1
0
0
1
0
2
1
0
0
1
0
1
1
0
1
0
0
1
0
1
1
0
0
0
0
0
0
0
0
0
1
0
0
1
0
0
0
0
1
0
1
1
0
0
0
0
0
0
1
1
0
1
0
0
1
1
2
1
1
2
1
1
1
1
0
1
1
1
0
2
0
1
0
1
1
0
0
1
1
0
0
1
0
1
2
0
1
0
0
1
2
0
0
0
2
0
0
1
0
1
1
3
2
1
1
0
0
2
1
0
3
0
0
2
2
2
0
0
0
1
0
1
2
1
0
1
2
0
2
0
2
1
0
0
0
1
0
0
2
1
1
0
1
0
1
2
1
0
0
0
0
0
0
0
0
0
1
2
2
0
1
0
1
1
0
1
0
3
0
0
1
3
2
0
0
0
1
2
0
2
0
2
3
2
0
2
0
0
1
0
0
1
4
2
0
0
0
0
1
1
4
1
2
0
0
2
2
1
1
3
2
0
0
2
0
1
0
2
2
1
1
0
1
0
1
1
0
1
2
1
0
0
0
1
3
0
0
0
0
1
0
1
0
0
1
0
0
1
2
1
0
1
1
0
2
1
3
0
0
1
0
3
0
0
0
2
1
1
1
3
0
2
1
1
4
2
1
1
0
3
2
4
2
1
0
0
1
2
2
2
0
2
0
0
1
0
0
0
0
1
1
0
0
1
2
1
1
0
0
1
2
1
1
0
2
1
1
0
2
1
1
0
1
0
3
0
1
1
1
1
3
0
1
2
0
3
2
2
1
2
2
1
4
2
1
4
0
1
3
3
4
1
1
3
2
2
5
9
2
5
11
15
9
8
12
8
15
13
20
15
17
15
12
12
8
11
8
9
14
6
4
11
4
7
6
5
8
8
5
7
5
11
14
14
13
33
37
38
54
51
72
88
82
123
124
154
156
180
219
223
222
194
204
217
228
190
150
165
129
107
95
75
70
57
43
24
27
21
12
18
8
12
5
9
4
5
5
0
2
0
2
0
3
0
2
1
2
0
2
0
1
0
4
2
1
1
0
1
1
1
1
0
2
0
0
0
1
0
2
1
1
2
3
0
0
0
1
3
1
1
0
2
0
1
2
0
2
2
3
3
1
1
0
2
1
4
3
2
5
0
3
2
3
4
2
1
3
4
6
6
5
11
10
7
17
16
13
20
30
33
30
30
50
55
57
52
57
63
66
81
71
66
70
61
51
64
47
39
28
24
20
12
12
11
6
3
8
7
4
5
3
2
9
7
6
11
13
12
17
20
34
44
53
51
42
72
74
77
89
104
103
114
122
93
93
89
81
61
63
54
42
39
36
25
16
5
13
12
8
6
6
5
3
2
3
1
4
3
0
1
2
0
3
0
3
2
4
6
4
8
5
4
2
6
1
0
2
0
1
1
0
0
0
0
0
0
0
0
0
0
0
0
0
0
0
1
0
1
1
0
1
0
2
1
2
0
2
1
2
1
2
0
2
2
0
0
1
0
1
3
2
2
1
4
5
4
4
5
1
2
6
7
13
6
11
13
27
20
34
37
54
63
67
70
85
80
91
108
104
105
93
83
86
67
62
40
50
45
22
22
12
11
11
7
8
3
4
1
1
5
2
2
4
2
2
2
2
5
3
5
7
4
4
5
8
13
12
9
13
3
3
1
1
2
3
1
0
0
0
1
0
0
1
1
1
0
0
0
0
0
1
1
0
0
0
0
0
0
0
0
0
0
1
0
0
0
0
0
2
0
0
0
0
0
0
0
0
0
0
0
0
0
0
0
0
0
0
0
0
0
0
0
0
0
0
0
1
0
0
0
1
1
0
0
0
0
0
0
0
0
0
1
0
0
0
0
0
0
1
0
0
1
0
0
0
0
1
0
0
0
2
0
0
0
1
0
0
0
0
0
0
0
0
1
0
1
0
0
0
0
0
0
0
1
0
0
0
0
0
0
0
0
0
0
0
0
1
0
0
0
0
0
0
0
0
0
1
0
1
0
0
0
0
0
0
2
0
0
0
1
0
0
0
0
0
0
0
1
1
0
0
0
0
0
0
0
0
0
0
0
0
0
0
0
1
0
2
0
0
0
0
0
1
0
0
1
0
0
2
4
0
0
1
1
0
1
1
0
0
1
1
1
0
0
1
0
0
1
0
2
1
0
0
0
0
0
1
1
0
0
1
1
0
0
2
2
0
0
0
0
1
0
0
0
0
0
0
0
0
0
0
1
0
0
0
0
0
1
0
1
0
0
1
1
1
0
0
0
0
1
0
0
0
0
1
2
0
1
0
0
2
0
0
0
0
1
2
0
0
1
0
0
0
3
0
1
0
0
0
0
1
0
1
0
0
0
0
2
1
1
2
0
1
1
0
4
1
4
4
3
3
6
4
10
9
12
17
18
21
26
43
41
51
54
61
79
61
79
92
106
94
83
82
62
55
61
33
40
27
22
27
13
15
8
9
9
10
14
12
4
9
14
18
14
22
23
37
22
35
44
45
44
52
36
31
25
15
6
4
3
2
3
3
1
2
2
0
0
0
0
0
0
0
0
0
0
0
0
0
0
0
0
0
0
0
0
0
0
0
0
0
0
0
0
0
0
0
0
0
0
0
0
0
0
0
0
0
0
0
0
0
0
0
0
0
0
0
0
0
0
0
0
0
0
0
0
0
0
0
0
0
0
0
0
0
0
0
0
0
0
0
0
0
0
0
0
0
0
0
0
0
0
0
0
0
0
0
0
0
0
0
0
0
0
0
0
0
0
0
0
0
0
0
0
0
0
0
0
0
0
0
0
0
0
0
0
0
0
0
0
0
0
0
0
0
0
0
0
0
0
0
0
0
0
0
0
0
0
0
0
0
0
0
0
0
0
0
0
0
0
0
0
0
0
0
0
0
0
0
0
0
0
0
0
0
0
0
0
0
0
0
0
0
0
0
0
0
0
0
0
0
0
0
0
0
0
0
0
0
0
0
0
0
0
0
0
0
0
0
0
0
0
0
0
0
0
0
0
0
0
0
0
0
0
0
0
0
0
0
0
0
0
0
0
0
0
0
0
0
0
0
0
0
0
0
0
0
0
0
0
0
0
0
0
0
0
0
0
0
0
0
0
0
0
0
0
0
0
0
0
0
0
0
0
0
0
0
0
0
0
0
0
0
0
0
0
0
0
0
0
0
0
0
0
0
0
0
0
0
0
0
0
0
0
0
0
0
0
0
0
0
0
0
0
0
0
0
0
0
0
0
0
0
