0
0
0
0
0
0
0
0
0
0
0
0
0
0
0
0
0
0
0
0
0
0
0
0
0
0
0
0
0
28
251
330
295
273
301
280
259
291
242
223
190
219
216
188
202
162
150
137
122
124
107
114
97
89
105
75
90
73
65
78
58
49
53
64
42
45
37
32
31
35
36
16
11
23
25
22
18
18
14
15
22
13
10
12
10
10
11
7
7
6
4
11
6
7
2
7
2
7
5
1
4
0
4
4
5
2
1
4
3
1
2
2
2
0
2
2
2
1
1
2
0
1
1
2
2
2
0
2
2
1
0
2
0
1
1
1
0
2
0
0
0
1
0
0
1
0
4
0
1
0
0
0
0
1
0
1
1
1
0
1
0
0
0
1
0
0
1
0
0
1
0
0
1
2
0
1
0
0
0
1
0
0
0
0
0
0
0
0
0
0
0
2
0
0
1
0
0
0
0
0
2
0
0
0
3
0
0
0
1
1
1
1
1
0
0
2
2
0
1
1
0
1
0
0
1
0
2
0
2
2
0
2
0
1
1
1
0
0
0
1
0
0
0
0
2
1
2
0
0
4
0
0
0
3
0
2
0
1
1
1
0
0
0
0
0
0
1
0
0
0
1
1
0
0
1
1
0
0
0
0
1
1
0
0
1
3
2
0
2
0
1
1
0
1
0
0
1
1
0
1
0
0
0
0
3
2
2
1
0
1
0
1
1
1
0
0
0
0
2
0
0
0
0
1
0
0
2
1
1
1
0
0
0
1
0
2
0
1
2
0
0
0
0
0
0
1
1
0
0
0
2
1
3
0
0
0
1
0
2
1
0
0
1
0
0
0
0
0
1
2
0
0
0
0
0
0
2
3
0
1
1
0
0
1
0
1
0
0
1
0
0
0
1
0
0
1
2
3
3
0
2
1
0
1
1
0
0
0
2
0
1
0
1
1
0
1
0
0
1
1
0
2
2
3
1
0
0
2
1
2
0
2
3
0
1
2
3
1
1
1
1
3
2
0
1
0
1
1
1
0
2
2
2
1
2
0
2
3
0
0
1
1
1
2
0
0
1
2
1
2
0
1
2
0
2
2
2
1
2
1
0
1
1
1
3
1
0
0
1
1
1
2
1
1
0
0
1
0
3
1
0
0
2
1
2
0
2
0
2
1
1
0
0
1
2
1
0
2
0
3
2
1
1
2
2
1
0
1
3
3
2
0
1
0
0
0
0
1
0
2
0
1
1
1
3
1
1
6
0
1
3
1
2
1
1
0
3
0
2
1
1
2
1
1
0
2
3
2
2
1
1
1
2
2
4
3
2
0
0
1
1
0
1
1
1
1
1
2
3
2
4
0
1
3
1
1
3
1
2
2
0
1
1
0
2
3
2
1
0
2
0
1
0
1
0
2
0
3
1
2
2
0
1
1
1
1
0
2
2
1
0
0
2
2
4
0
0
0
1
1
0
0
2
1
4
4
0
1
2
2
1
0
1
0
2
0
2
1
1
0
1
2
1
0
0
2
1
0
0
1
0
1
0
4
1
1
2
0
4
1
2
1
1
1
1
2
3
1
0
2
1
0
4
2
2
2
0
3
3
1
1
1
0
0
1
1
2
1
0
4
3
1
0
0
5
0
4
2
2
4
0
2
0
2
2
0
1
4
1
2
1
1
1
0
0
0
1
5
0
1
1
3
3
4
0
1
1
0
0
1
2
2
2
0
2
1
1
4
2
0
1
2
4
2
2
1
0
3
2
1
2
5
1
3
3
1
2
2
0
2
2
1
2
3
1
2
1
0
2
2
2
0
1
0
0
1
1
2
1
1
1
6
0
2
1
3
5
3
0
2
3
3
2
2
1
1
0
1
3
1
1
2
1
0
1
1
1
2
2
2
2
5
1
1
0
1
2
3
2
1
2
1
2
2
0
1
0
1
0
1
2
3
2
2
1
2
4
1
2
0
2
5
3
2
3
0
0
1
0
1
1
2
0
6
2
5
0
1
2
0
1
1
1
4
2
4
3
3
1
1
4
3
1
2
3
3
6
1
3
2
1
5
4
0
1
3
2
0
2
1
0
2
0
1
1
2
1
3
2
0
1
4
2
0
3
1
3
2
5
1
1
4
2
1
4
4
7
2
3
2
2
1
3
1
5
2
0
2
1
0
3
2
4
2
2
1
2
1
3
1
4
3
1
3
2
3
2
1
4
2
1
1
3
2
0
2
6
3
2
3
2
5
5
2
1
1
6
5
3
3
4
1
6
3
2
1
1
4
5
1
5
4
3
4
2
3
7
3
3
6
2
1
4
8
4
2
5
3
3
4
6
6
8
16
17
21
44
46
71
90
64
64
34
19
12
9
3
4
3
4
0
4
3
3
6
4
3
7
10
6
12
13
7
12
9
12
11
19
17
17
29
24
33
78
120
215
415
623
845
1114
1111
1058
891
564
344
188
95
40
18
5
1
4
2
1
0
2
0
3
0
1
0
4
4
1
1
2
4
1
7
1
1
1
1
0
2
2
4
6
0
3
3
2
0
4
3
1
4
1
1
2
4
2
1
2
2
3
3
1
2
6
1
3
4
1
2
4
3
1
3
3
3
1
2
4
2
5
3
2
3
6
4
3
1
3
6
7
2
8
4
7
6
3
5
6
10
6
4
7
13
13
10
15
13
22
16
23
34
36
48
58
89
111
138
194
240
283
268
312
225
156
108
77
32
22
8
4
4
0
2
7
3
2
3
4
3
2
4
3
3
3
8
6
2
11
6
5
12
15
20
13
29
52
86
153
247
306
392
445
454
374
316
197
124
90
43
13
3
2
3
3
1
0
2
2
1
3
2
1
0
0
1
2
1
1
2
2
1
0
3
1
0
1
1
4
0
0
0
1
4
2
0
1
1
2
1
2
1
3
4
5
3
1
3
1
4
3
1
5
1
2
3
4
3
0
3
4
4
3
5
4
3
4
3
5
5
6
2
4
2
6
3
7
3
4
4
5
7
7
4
13
7
6
9
9
11
13
11
9
14
28
24
30
34
38
56
94
103
165
212
310
351
439
428
429
346
297
223
154
89
61
37
7
6
2
0
0
0
0
0
1
2
0
0
1
0
1
0
1
1
2
0
0
0
0
0
0
1
0
0
0
1
1
0
1
0
0
1
0
0
0
0
2
1
1
1
1
1
1
1
0
0
2
0
0
0
1
1
0
1
2
0
0
0
0
0
0
1
0
1
0
2
0
0
0
0
0
0
0
1
0
0
0
0
1
0
0
0
1
0
0
2
0
0
1
0
0
1
1
0
0
0
0
1
0
0
1
0
1
0
0
1
0
0
0
3
0
0
0
0
0
0
0
2
0
0
0
1
0
0
0
2
2
1
1
0
1
1
1
0
0
1
0
0
0
0
0
0
0
1
1
0
0
0
0
0
0
0
1
0
1
1
1
1
0
0
1
1
0
1
0
1
0
0
0
0
0
1
0
0
0
0
0
0
0
0
0
0
0
0
0
3
0
1
0
0
0
0
1
0
0
0
1
0
1
0
2
1
0
4
0
0
1
1
1
0
1
0
2
0
1
1
3
1
3
0
3
0
0
1
1
1
2
0
0
2
3
1
1
0
0
0
1
4
0
0
0
2
2
2
2
1
2
0
1
0
2
0
1
1
1
1
0
0
1
1
1
0
1
0
0
0
0
1
2
2
2
0
0
0
0
0
0
0
0
1
0
1
0
0
0
0
0
0
0
0
2
2
0
1
0
1
2
0
0
0
1
1
1
0
0
0
1
0
1
0
2
0
1
1
0
0
0
1
2
1
4
1
1
0
1
2
0
2
2
2
4
3
3
2
4
2
2
0
5
2
2
4
4
5
2
6
5
4
13
13
11
19
15
23
23
36
43
78
89
156
194
201
329
354
398
354
307
253
204
152
119
89
58
24
9
3
2
3
0
3
1
0
0
0
0
0
0
0
0
0
0
0
0
0
0
0
0
0
0
0
0
0
0
0
0
0
0
0
0
0
0
0
0
0
0
0
0
0
0
0
0
0
0
0
0
0
0
0
0
0
0
0
0
0
0
0
0
0
0
0
0
0
0
0
0
0
0
0
0
0
0
0
0
0
0
0
0
0
0
0
0
0
0
0
0
0
0
0
0
0
0
0
0
0
0
0
0
0
0
0
0
0
0
0
0
0
0
0
0
0
0
0
0
0
0
0
0
0
0
0
0
0
0
0
0
0
0
0
0
0
0
0
0
0
0
0
0
0
0
0
0
0
0
0
0
0
0
0
0
0
0
0
0
0
0
0
0
0
0
0
0
0
0
0
0
0
0
0
0
0
0
0
0
0
0
0
0
0
0
0
0
0
0
0
0
0
0
0
0
0
0
0
0
0
0
0
0
0
0
0
0
0
0
0
0
0
0
0
0
0
0
0
0
0
0
0
0
0
0
0
0
0
0
0
0
0
0
0
0
0
0
0
0
0
0
0
0
0
0
0
0
0
0
0
0
0
0
0
0
0
0
0
0
0
0
0
0
0
0
0
0
0
0
0
0
0
0
0
0
0
0
0
0
0
0
0
0
0
0
0
0
0
0
0
0
0
0
0
0
0
0
0
0
0
0
0
0
0
0
0
0
0
0
0
0
0
0
0
0
0
0
0
0
